4 5 3
-0.17221458 -0.22293411 0.18618395 -0.04911805 -0.00694014
0.70380119 0.21374795 -0.10938496 -1.01210768 1.00534461
-0.92412432 -0.49249408 0.35515904 1.13273655 -1.11310917
-1.31472320 -0.57374844 0.41301307 1.94129833 -1.78975290
0.68332324 -0.01597244 0.08847685 -1.38537389 1.18483191
1.42474562 -0.31730416 -1.77222978
0.46506754 -0.45298345 -0.66062407
-0.29008920 0.34948539 0.47318473
-2.03053471 -0.36906684 2.76147865
2.02178361 0.08252684 -2.59824447
0.60493467 2.55816429 -0.18472921
